1	40.666668	-122.51667
2	40.666668	-122.51667
3	9.84	-104.29
4	12.284666666666666	56.1245
5	12.284666666666666	56.1245
6	12.00415	54.39468333333333
7	12.00415	54.39468333333333
8	12.00415	54.39468333333333
9	12.00415	54.39468333333333
10	11.67885	51.49893333333333
11	11.67885	51.49893333333333
12	11.67885	51.49893333333333
13	11.67885	51.49893333333333
14	11.727166666666667	49.43561666666667
15	11.727166666666667	49.43561666666667
16	11.727166666666667	49.43561666666667
17	11.727166666666667	49.43561666666667
18	11.763816666666667	46.17075
19	11.763816666666667	46.17075
20	11.795183333333334	43.44096666666667
21	11.795183333333334	43.44096666666667
22	11.795183333333334	43.44096666666667
23	11.795183333333334	43.44096666666667
24	12.284666666666666	56.1245
25	12.284666666666666	56.1245
26	12.00415	54.39468333333333
27	12.00415	54.39468333333333
28	12.00415	54.39468333333333
29	12.00415	54.39468333333333
30	11.67885	51.49893333333333
31	11.67885	51.49893333333333
32	11.67885	51.49893333333333
33	11.67885	51.49893333333333
34	11.727166666666667	49.43561666666667
35	11.727166666666667	49.43561666666667
36	11.727166666666667	49.43561666666667
37	11.727166666666667	49.43561666666667
38	11.763816666666667	46.17075
39	11.763816666666667	46.17075
40	11.795183333333334	43.44096666666667
41	11.795183333333334	43.44096666666667
42	11.795183333333334	43.44096666666667
43	11.795183333333334	43.44096666666667
44	-68.4	78.18278
45	-68.4	78.18278
46	-68.4	78.183334
47	-68.4	78.183334
48	-68.4	78.183334
49	-68.4	78.183334
50	-68.4	78.183334
51	-68.4	78.183334
52	-68.4	78.183334
53	-68.4	78.183334
54	-68.4	78.183334
55	-68.4	78.183334
56	-68.4	78.183334
57	-68.4	78.183334
58	-68.4	78.183334
59	-68.4	78.183334
60	-68.4	78.183334
61	-68.4	78.183334
62	-68.4	78.183334
63	-68.4	78.183334
64	-68.4	78.18278
65	-68.4	78.18278
66	-68.4	78.18278
67	-68.4	78.18278
68	-68.43278	78.29972
69	-66.27	110.53306
70	-63.89111	112.07306
71	-68.46233	78.19663
72	-53.02473	73.37503
73	-68.46233	78.19663
74	-66.27	110.53333
75	-66.27	110.53333
76	-63.89067	112.07333
77	-59.312	142.4627
78	-66.02133	142.666
79	-66.3394	142.98807
80	-66.3394	142.98807
81	-66.5662	142.3167
82	-66.5662	142.3167
83	-66.5662	142.3167
84	-66.55867	143.33733
85	-66.55867	143.33733
86	-66.76503	143.29073
87	-67.05213	144.66883
88	-67.0682	145.2021
89	-66.76167	144.33433
90	-66.76167	144.33433
91	-66.76167	144.33433
92	-66.1719	142.93533
93	-66.1719	142.93533
94	-64.30007	150.00557
95	-66.19027	143.49167
96	-66.58167	140.8811
97	-66.47267	140.53767
98	-66.47267	140.53767
99	-65.5367	140.7234
100	-60.00007	141.23353
101	-60.00007	141.23353
102	-56.6953	141.86873
103	-56.69667	141.875
104	-56.69667	141.875
105	-52.02333	144.06567
106	-48.24867	145.805
107	-48.24867	145.805
108	-44.718	145.755
109	-44.718	145.755
110	-77.6797	166.00913
111	-77.6797	166.00913
112	-77.70727	166.07877
113	-77.70727	166.07877
114	-77.70727	166.07877
115	-77.70727	166.07877
116	-77.70727	166.07877
117	-77.6819	166.0039
118	-77.6819	166.0039
119	-77.6819	166.0039
120	-68.46233	78.19663
121	-68.46233	78.19663
122	-68.46233	78.19663
123	-68.46233	78.19663
124	-68.46233	78.19663
125	-68.46233	78.19663
126	-68.46193	78.2063
127	-54.94833	129.62033
128	-60.50267	120.048
129	-63.818	115.17333
130	-64.80333	112.38
131	-64.80333	112.38
132	-64.831	80.724
133	-68.39643	76.68033
134	-64.19833	76.45733
135	-55.26467	74.25613
136	-55.26467	74.25613
137	-53.02473	73.37503
138	-68.46233	78.19663
139	-66.27	110.53333
140	-63.89067	112.07333
141	-59.312	142.4627
142	-59.312	142.4627
143	-66.02133	142.666
144	-66.02133	142.666
145	-66.3394	142.98807
146	-66.5662	142.3167
147	-66.5662	142.3167
148	-66.5662	142.3167
149	-66.55867	143.33733
150	-66.76503	143.29073
151	-66.76503	143.29073
152	-67.05213	144.66883
153	-67.0682	145.2021
154	-67.0682	145.2021
155	-66.76167	144.33433
156	-66.76167	144.33433
157	-66.76167	144.33433
158	-66.1719	142.93533
159	-64.30007	150.00557
160	-64.30007	150.00557
161	-66.19027	143.49167
162	-66.19027	143.49167
163	-66.58167	140.8811
164	-66.58167	140.8811
165	-66.47267	140.53767
166	-65.5367	140.7234
167	-65.5367	140.7234
168	-60.00007	141.23353
169	-56.6953	141.86873
170	-56.6953	141.86873
171	-56.69667	141.875
172	-52.02333	144.06567
173	-48.24867	145.805
174	-44.718	145.755
175	-77.6797	166.00913
176	-77.70727	166.07877
177	-68.46233	78.19663
178	-68.46233	78.19663
179	-68.46233	78.19663
180	-68.46233	78.19663
181	-68.46233	78.19663
182	-68.46233	78.19663
183	-68.46233	78.19663
184	-68.46193	78.2063
185	-54.94833	129.62033
186	-54.94833	129.62033
187	-60.50267	120.048
188	-63.818	115.17333
189	-63.818	115.17333
190	-64.80333	112.38
191	-64.831	80.724
192	-64.831	80.724
193	-68.39643	76.68033
194	-64.19833	76.45733
195	-55.26467	74.25613
196	-53.02473	73.37503
197	-60.50267	120.048
198	-52.02333	144.06567
199	-67.05213	144.66883
200	-63.89067	112.07333
201	-68.46233	78.19663
202	-68.46193	78.2063
203	-64.19833	76.45733
204	-68.46233	78.19663
205	-68.39643	76.68033
206	32.67139	-106.718056
207	32.67139	-106.718056
208	32.28	-108.87
209	32.28	-108.87
210	32.280834	-106.75694
211	32.280834	-106.75694
212	32.280834	-106.75694
213	32.280834	-106.75694
214	32.280834	-106.75694
215	32.280834	-106.75694
216	32.280834	-106.75694
217	32.280834	-106.75694
218	32.009724	-105.65972
219	32.009724	-105.65972
220	32.280834	-106.75694
221	32.280834	-106.75694
222	32.67	-106.71972
223	32.67	-106.71972
224	34.766945	-106.75889
225	34.766945	-106.75889
226	32.67	-106.71972
227	32.67	-106.71972
228	32.009724	-105.65972
229	32.009724	-105.65972
230	32.67	-106.71972
231	32.67	-106.71972
232	32.67	-106.71972
233	32.67	-106.71972
234	31.706112	-64.211945
235	31.706112	-64.211945
236	31.66	-64.155
237	31.66	-64.155
238	31.646944	-64.25889
239	31.646944	-64.25889
240	31.646944	-64.25889
241	31.646944	-64.25889
242	31.646944	-64.25889
243	31.646944	-64.25889
244	31.646944	-64.25889
245	31.681944	-64.172775
246	31.681944	-64.172775
247	31.660833	-64.12278
248	-16	-170
249	-7.516667	-167
250	-3.0333333	-166
251	1.6666666	-163.66667
252	5.0833335	-161.96666
253	5.0833335	-161.96666
254	8.633333	-151.08333
255	13.483334	-159.88333
258	44.6	-110.9
259	44.569443	-110.865
260	44.569443	-110.865
261	44.6	-110.9
262	-33.990833	151.23195
263	-33.990833	151.23195
264	-33.990833	151.23195
265	-33.990833	151.23195
266	-33.990833	151.23195
267	-33.983	151.233
268	-33.983	151.233
269	-33.983	151.233
270	-18.817	147.633
271	-18.817	147.633
272	-18.817	147.633
273	-18.817	147.633
274	-18.817	147.633
275	-18.817	147.633
276	-33.9901	151.2324
277	-33.9901	151.2324
278	-18.7027	146.5583
279	-18.7027	146.5583
280	-18.7027	146.5583
281	-33.9901	151.2324
282	-33.9901	151.2324
283	-33.9901	151.2324
284	-18.7027	146.5583
285	-18.7027	146.5583
286	-18.7027	146.5583
287	-33.9901	151.2324
288	-33.9901	151.2324
289	17.943066	-67.053767
290	17.943066	-67.053767
291	24.551184	-81.807949
292	24.551184	-81.807949
293	-4.02686	-154.9574
294	-9.97943	-150.21941
295	32.665	-117.277778
296	32.665	-117.277778
297	32.665	-117.277778
298	9.5032	-104.1748
299	9.5032	-104.1748
300	9.5017	-104.1746
301	9.5017	-104.1746
302	32.867	-117.257
303	32.867	-117.257
304	32.867	-117.257
305	32.867	-117.257
306	32.867	-117.257
307	32.867	-117.257
308	42.99839	31.51629
309	49.69	-93.69
310	22.75	-158
311	40.4363	-121.3976
312	34.45	-119.89
313	27.0673	-111.2442
314	40.7864683333333	-124.595091666666
315	27.7737	-82.6215
316	33.75	-118.67
317	60	5
318	27.046	-111.2453
320	71.290556	-156.788611
321	71.618194	-156.860083
322	32	-64
323	49.66	-93.72
324	21.436536	-157.777361
325	22.75	-158
326	34.45	-119.89
327	33.75	-118.67
328	60	5
329	60	5
330	60	5
331	27.046	-111.2453
332	22.75	-158
333	21.436536	-157.777361
334	1.1903	-12.9568
335	60	5
336	60	5
337	60	5
338	32	-64
339	40.4363	-121.3976
340	34.45	-119.89
341	34.2245	-120.03433
342	33.75	-118.67
343	27.0673	-111.2442
344	79.1335	2.8423
345	44.5340836	-110.7978895
346	22.75	-158
347	27.7737	-82.6215
348	33.75	-118.67
349	40.7864683333333	-124.595091666666
350	40.7864683333333	-124.595091666666
351	41.7309	-10.68238
352	48.1541	-10.5606
353	27.7737	-82.6215
354	37.18	14.98
355	34.45	-119.89
356	60	5
357	42.9892582	-70.6144937
358	44.7535	-110.7238
359	50	-145
360	48.582	-130.4
361	-49.45002	-60.2825
362	-52.36382	-60.16867
363	43.36745	-67.55262
364	33.55	-118.4
365	33.55	-118.4
366	-18.368472	146.81
367	48.35	-123.3
368	48.35	-123.3
369	38.967	-76.378
370	44.7521	-110.7285
371	44.7535	-110.7238
372	44.7519	-110.7284
373	48.39	-123.4
374	48.35	-123.3
375	54.1873	7.8964
376	44.7535	-110.7238
377	43.36745	-67.55262
378	48.35	-123.3
379	44.7519	-110.7284
380	44.7535	-110.7238
381	44.7521	-110.7285
382	48.39	-123.4
383	-52.36382	-60.16867
384	41	-90
385	48.35	-123.3
386	44.7535	-110.7238
387	44.6513	-110.4847
388	50	-145
389	48.582	-130.4
390	-52.36382	-60.16867
391	-52.36382	-60.16867
392	48.35	-123.3
393	33.55	-118.4
394	-18.368472	146.81
395	70.03	-126.3
396	48.35	-123.3
397	38.967	-76.378
398	38.967	-76.378
399	42.9892582	-70.6144937
400	44.7521	-110.7285
401	50	-145
402	-45.00018	-61.29991
403	38.967	-76.378
404	44.7519	-110.7284
405	44.7521	-110.7285
406	48.582	-130.4
407	48.62	-123.5775
408	33.444861	-118.487
409	49.11	-123.11
410	48.28	-123.19
411	44.7535	-110.7238
412	44.7519	-110.7284
413	44.6513	-110.4847
414	50	-145
415	48.39	-123.4
416	-52.36382	-60.16867
417	33.55	-118.4
418	54.1873	7.8964
419	48.35	-123.3
420	49.19	-123.15
421	-9.90774	-150.10974
422	39.53	-107.73
423	-10.00359	-150.21941
424	-9.91672	-150.21072
425	47.95	-129.0968
426	29.469723	34.92
427	31.8	-64.27
428	22.75	-158
429	22.75	-158
430	22.75	-158
431	29.47	34.92
432	31.8	-64.26972
433	40	-71.8
434	38.17	-73.15
435	38.17	-73.15
436	34.4	-72.05
437	34.4	-72.05
438	34.1	-61.02
439	41.52	-71.67
440	25.879723	-77.569725
441	25.85	-79.43
442	37.26	-76.48
444	41.45	-71.35
445	41.65	-71.26
446	41.65	-71.26
447	41.65	-71.26
448	41.65	-71.26
449	34.24	-72.03
450	34.24	-72.03
451	31.48	-64.16
452	60.27	5.22
453	60.27	5.22
454	60.27	5.22
455	60.27	5.22
456	44.62	33.5
457	44.61	33.54
458	44.61	33.5
459	52.98	4.74
460	52.98	4.74
461	3.8	6.7
462	57.8	8.55
463	27.83	-97.07
464	37.47909	-121.97447
465	37.4837	-121.97767
466	29.28	34.53
467	31.48	-64.16
468	31.48	-64.16
470	31.48	-64.16
471	31.48	-64.16
472	27.83	-97.07
473	32.87	-117.26
474	27.7	110.57
475	24.48	118.09
476	49.93	4.34
477	50	4.34
478	50	4.34
479	50.25	4.22
480	50.25	4.22
481	50.25	4.22
482	50.25	4.22
483	-36.49	-73.4
484	47.21	-61.45
485	48.46	-3.56
486	48.44	-3.57
487	60.33	5.33
488	44.6	33.5
489	22.45	-158
490	22.45	-158
491	-49.38	-62.47
492	42.71	-70.8
493	42.71	-70.8
494	42.71	-70.8
495	42.71	-70.8
496	42.71	-70.8
497	42.71	-70.8
498	25.53	-77.34
499	34.06	-61.01
500	36.58	-73.42
501	34.24	-72.03
502	21.44	157.78
503	41.65	71.26
504	41.65	71.26
505	33.74	-118.11
506	33.61	-117.9
507	33.74	-118.11
508	41.65	-71.25
509	41.65	-71.25
510	41.65	-71.25
511	38.04	-76.11
512	38.04	-76.11
513	39.17	-76.36
514	39.17	-76.36
515	39.17	-76.36
516	38.58	-76.23
517	38.04	-76.11
518	65.33	12.62
519	65.33	12.62
520	65.33	12.62
521	65.33	12.62
522	22.45	-158
523	29.28	34.53
524	38.1	-73.09
525	29.28	34.53
526	29.28	34.53
527	37.74	-122.26
528	47.34	52.43
529	54.18	12.06
530	24.48	118.09
531	53.77	12.2
532	24.48	118.09
533	24.48	118.09
534	27.7	110.57
535	27.7	110.57
536	27.7	110.57
537	9.11	80.58
538	12.02	81.9
545	38.065556	-76.215836
547	42.71389	-126.48055
548	42.71389	-126.48055
551	9.351389	-82.25667
552	21.43389	-157.78778
553	21.43389	-157.78778
554	21.43389	-157.78778
555	21.43389	-157.78778
556	21.43389	-157.78778
557	21.43389	-157.78778
558	21.43389	-157.78778
559	21.43389	-157.78778
560	21.43389	-157.78778
561	21.43389	-157.78778
562	21.43389	-157.78778
563	21.43389	-157.78778
564	30.050233	-87.829467
565	30.050233	-87.829467
566	30.077223	-87.66194
567	30.077223	-87.66194
568	30.077223	-87.66194
569	30.077223	-87.66194
570	22.768333	-157.89
571	22	-158
572	36.510555	15.676945
573	-27.466667	153.01666
574	43.066666	-89.4
575	9.84	-104.245
576	44.025	-93.58667
578	-12.092617	96.881733
579	-8.50525	80.375583
580	31.175	-64.32433
581	31.175	-64.32433
582	32.174835	-64.01017
583	31.175	-64.32433
584	32.166668	-64.5
585	32.166668	-64.5
586	32.166668	-64.5
587	42.503056	-67.24
588	42.85278	-66.217224
589	44.137222	-63.644444
590	44.690277	-63.637222
591	45.111668	-64.94666
592	43.63222	-66.84722
593	41.485832	-71.35111
594	41.09111	-71.60222
595	38.94	-74.685
596	39.417778	-75.504166
597	38.946945	-76.41722
598	36.003887	-75.39472
599	32.506943	-79.263885
600	24.488333	-83.07
601	24.174723	-84.344444
602	20.5225	-85.41361
603	18.036667	-83.78472
604	10.716389	-80.25445
605	9.164444	-79.83611
606	8.129167	-79.69111
607	6.492778	-82.90389
608	5.64	-86.56528
609	5.552778	-87.087776
610	1.2641667	-90.295
611	-1.2161111	-90.422775
612	-1.2169445	-90.319725
613	-0.2	-90.83528
614	0.27222222	-91.63333
615	-0.3011111	-91.651665
616	-0.5938889	-91.06944
617	-1.2283334	-90.42917
618	-0.38305557	-90.279724
619	1.3891667	-91.81695
620	-0.020833334	-91.19778
621	-1.9738889	-95.014725
622	-2.5819445	-97.85139
623	-3.3433332	-101.373886
624	-4.498889	-105.07
625	-5.93	-108.68694
626	-7.1075	-116.11916
627	-7.661111	-120.40222
628	-8.415	-124.23972
629	-9.0175	-127.76722
630	-9.571111	-131.49167
631	-10.131389	-135.44945
632	-17.475834	-149.81223
633	-17.453056	-149.79889
634	-15.277778	-148.22444
635	-15.143611	-147.435
636	38.133335	-76.38333
637	-17.475834	-149.81223
638	-12.0925	96.88167
639	-12.0925	96.88167
640	-10.943611	92.05889
641	-10.446111	88.30278
642	-10.446111	88.30278
643	-9.596945	84.1975
644	-8.505	80.37556
645	-8.505	80.37556
646	-7.0075	76.33139
647	-4.990278	64.97667
648	-4.6625	60.523056
649	-4.635	56.836113
650	-4.613611	55.50861
651	-4.613611	55.50861
652	-23.21611	52.30611
653	-26.035	50.123055
654	-29.348888	43.215557
655	-30.898333	40.420277
656	-30.898333	40.420277
657	-32.399166	36.591946
658	-6.3166666	39.009167
659	-6.116667	39.116665
661	12.283611	-56.118057
662	15.034166	-31.95111
663	12.283611	-56.118057
664	15.034166	-31.95111
665	11.752222	-46.1675
666	11.752222	-46.1675
667	12.001111	-40.102222
668	12.001111	-40.102222
669	-15.053611	155.01694
670	-15.050834	155.01694
671	-30	160
672	-30	160
673	-14	175
674	-14	175
675	-15	178.75
676	-15	178.75
677	42.80722	10.141111
685	31.67	-64.17
686	31.67	-64.17
687	22.75	-158
688	22.75	-158
689	22.73	-158.03
690	22.75	-158
691	22.75	-158
692	22.73	-158.03
693	22.75	-158
694	22.75	-158
695	22.73	-158.03
696	22.75	-158
697	22.75	-158
698	22.73	-158.03
699	22.73	-158.03
700	22.73	-158.03
701	22.73	-158.03
702	22.73	-158.03
703	22.75	-158
704	22.75	-158
705	22.75	-158
706	22.75	-158
707	22.75	-158
708	22.75	-158
709	22.75	-158
728	3.12	-42.12
729	27.688889	-113.91695
730	27.688889	-113.91695
731	27.688889	-113.91695
732	27.688889	-113.91695
733	27.688889	-113.91695
734	27.688889	-113.91695
735	27.688889	-113.91695
736	27.688889	-113.91695
737	27.688889	-113.91695
738	27.688889	-113.91695
739	-63.97	-64.40611
740	-63.97	-64.40611
741	-63.97	-64.40611
742	-63.97	-64.40611
743	-64.93694	-66.86
744	-64.93694	-66.86
745	-64.93694	-66.86
746	-64.93694	-66.86
747	-67.906944	-69.623886
748	-67.906944	-69.623886
749	-67.906944	-69.623886
750	-67.906944	-69.623886
751	-66.45	-73.03
752	-66.45	-73.03
753	-66.45	-73.03
754	-66.45	-73.03
755	41.64	-71.23
756	41.64	-71.23
757	41.64	-71.23
758	47.416668	10.983334
766	-61.218613	-62.676388
767	-61.218613	-62.676388
768	3.8258333	-159.34944
769	3.8258333	-159.34944
770	6.3855557	-162.33472
771	6.3855557	-162.33472
772	5.8669443	-162.12778
773	5.8669443	-162.12805
774	1.9922222	-157.48416
775	1.9922222	-157.48416
776	38.196667	-0.5838889
777	-64.76667	-64.066666
778	33	-116
779	-22.168888	-176.60028
780	-42.886665	147.78334
781		-140
783	-36.66	-73.04
784	7.7994447	98.2075
785	-19	67
786	32.85	-117.25
787	26.35	-84.5
788	58.587776	18.246666
790	32.867	-117.257
791	63.51611	19.815834
792	32.85	-117.25
793	37.7	-122.3
795	41.666668	2.8
796	27	-111
797	33.383335	-117.45
798	31.666666	-64.166664
799	52.885	-163
800	37.6	-76.1
801	37.6	-76.1
802	57.5	20.08
803	27.55	126.933334
804	36.233334	-33.90167
805		
806	22	-158
807	31.9	-81
808	-6.1425	39.45
809	32.788612	-79.96639
810	23	-44
814	54.4	10.2
815	27	-111.4
816	31	-80.833336
817		
818	32.7	-117.166664
819	44.64	-124.083336
820	32.85	-117.25
821	63.51611	19.815834
822	31.666666	-64.166664
824	44.64	-124.083336
825	44.64	-124.083336
826		
827	44.65167	-124.41167
828	-20.751944	-176.56694
829	21.48	-157.825
830	21.48	-157.825
831	54.133335	7.866667
832	22.066668	-74.066666
833	31.666666	-64.166664
834	35.166668	128.58333
835	21.48	-157.825
836	54.25	7.9333334
837	-20	-173
838	53.712776	8.136111
839	33.333332	35.55
840		
841	31.397	-81.279
842	33.383335	-117.45
843	41.6	17.368889
844		
845	41.516666	-70.683334
846	36	123
848	41.666668	2.8
849	41.666668	2.8
850	41.666668	2.8
851	41.666668	2.8
852	41	3
853	33.333332	35.55
854	-77	-168
855	-68.4	78.183334
856	44.64	-124.083336
858	12.133333	-103.933334
859	55.525	16.619167
860	39.6	-72.45
861	33.05	-74.05
862	37.066666	-40
863	-0.3	-91.65
864	-8.8	13.233334
865	43	-155
866	55	8
867		
868	73.01667	-148.51666
869	31.666666	-64.166664
870	-77.88333	166.58333
871	31.666666	-64.166664
872	36	-122.13333
873	31.666666	-64.166664
874	54.133335	7.866667
875	44.64	-124.083336
876	21.454	-157.789
877	21.48	-157.825
878	59.322224	20.05
881	32	-117
882	-68.666664	79.25
883	-12	-145.41667
884		-140
885	34.166943	-66.30055
886	34.75139	-66.18361
887	-5.116667	-107.01667
888	31.666666	-64.166664
889		
890	63.51611	19.815834
891	30	-165
892	33	-122
893	-65.25	-64.26667
894	24.953056	-80.465836
895	48.4	-122.6
896	20	116
897	59	19
898	32.867	-117.257
899	44.64	-124.083336
900	22.75	-158
901	31.666666	-64.166664
902	44.653167	-124.17817
903	44.653167	-124.17817
904	36.842617	-121.74701
905		
906		
907	31.666666	-64.166664
908	31.666666	-64.166664
909		
910	38.305	-123.6167
911	29.85	35.566666
912	-34.5225	151.43666
913		
915	25.1	-80.47
917	50.25	-4.2166667
918	-33.927223	151.26666
919	29.466667	34.916668
920	29.466667	34.916668
921	20.25	65.03333
922	38.666668	-76.416664
923	31.316668	-113.53333
924	54.133335	7.866667
925	21.48	-157.825
927	32.866943	-117.2575
928	15	-75
929	39.635	-70.451944
930	48.9	-123.88333
931	43.933334	-69.58
932	58.940834	11.079445
933	58.940834	11.079445
934	58.940834	11.079445
935	63.879	-22.448
936	27.716667	-91.25
937	27.716667	-91.25
938	18.95	-155.25
939		
940	58.940834	11.079445
941	40.5	-74.2
942	12.133333	-103.933334
944	44.653167	-124.17817
945	31.32	-80.14
946	30.33	-78.53
947	43.166668	-71.316666
948	43.166668	-71.316666
949	-34.016666	151
950	50.566666	-4.233333
951	34	132
953	32.49139	34.886112
954	32.85	-117.25
955	41	-73.5
956	33.75	-67.5
957	47.168335	-122.78611
958	48.016388	-122.30417
959	50	-145
960	50	-145
961	50	-145
962	73.16167	-159.44667
963	49.705	-124.35167
964	25.895	-85.18
965	32.166668	-64.5
966	32.16955	-64.505067
967	32.16955	-64.505067
968	32.16955	-64.505067
969	32.16955	-64.505067
970	32.16955	-64.505067
971	32.16955	-64.505067
972	32.16955	-64.505067
973	32.16955	-64.505067
974	32.16955	-64.505067
975	32.16955	-64.505067
976	32.16955	-64.505067
977	32.16955	-64.505067
978	32.16955	-64.505067
979	32.16955	-64.505067
980	32.16955	-64.505067
981	32.16955	-64.505067
982	32.16955	-64.505067
983	32.16955	-64.505067
984	32.163083	-64.502867
985	32.163083	-64.502867
986	32.163083	-64.502867
987	32.163083	-64.502867
988	32.163083	-64.502867
989	32.163083	-64.502867
990	32.163083	-64.502867
991	32.163083	-64.502867
992	32.163083	-64.502867
993	32.163083	-64.502867
994	32.163083	-64.502867
995	32.163083	-64.502867
996	32.163083	-64.502867
997	32.163083	-64.502867
998	32.16955	-64.505067
999	32.16955	-64.505067
1000	32.16955	-64.505067
1001	32.16955	-64.505067
1002	32.16955	-64.505067
1003	32.16955	-64.505067
1004	32.16955	-64.505067
1005	32.16955	-64.505067
1006	32.16955	-64.505067
1007	32.16955	-64.505067
1008	32.174883	-64.51155
1009	32.174883	-64.51155
1010	32.174883	-64.51155
1011	32.174883	-64.51155
1012	32.174883	-64.51155
1013	32.174883	-64.51155
1014	32.174883	-64.51155
1015	32.174883	-64.51155
1016	32.174883	-64.51155
1017	32.16955	-64.505067
1018	32.341	-64.676
1019	32.341	-64.676
1020	32.341	-64.676
1021	32.341	-64.676
1022	32.166	-64.5
1023	32.166	-64.5
1024	32.166	-64.5
1025	32.166	-64.5
1026	32.166	-64.5
1027	32.166	-64.5
1028	32.166	-64.5
1029	32.166	-64.5
1030	32.166	-64.5
1031	32.166	-64.5
1032	32.166	-64.5
1033	32.166	-64.5
1034	32.166	-64.5
1035	32.166	-64.5
1036	32.166	-64.5
1037	32.166	-64.5
1038	32.166	-64.5
1039	32.166	-64.5
1040	32.166	-64.5
1041	32.166	-64.5
1042	32.166	-64.5
1043	32.166	-64.5
1044	32.166	-64.5
1045	32.166	-64.5
1046	32.166	-64.5
1047	32.166	-64.5
1048	32.166	-64.5
1049	32.166	-64.5
1050	32.166	-64.5
1051	32.166	-64.5
1052	32.166	-64.5
1053	32.166	-64.5
1054	32.166	-64.5
1055	32.166	-64.5
1056	32.166	-64.5
1057	32.166	-64.5
1058	32.166	-64.5
1059	32.166	-64.5
1060	32.166	-64.5
1061	32.166	-64.5
1062	32.166	-64.5
1063	32.166	-64.5
1064	32.166	-64.5
1065	32.166	-64.5
1066	32.166	-64.5
1067	32.166	-64.5
1068	32.166	-64.5
1069	32.166	-64.5
1070	32.166	-64.5
1071	32.166	-64.5
1072	32.166	-64.5
1073	32.166	-64.5
1074	32.166	-64.5
1075	32.166	-64.5
1076	32.166	-64.5
1077	32.166	-64.5
1078	32.166	-64.5
1079	32.166	-64.5
1080	32.166	-64.5
1081	32.166	-64.5
1082	32.166	-64.5
1083	32.166	-64.5
1084	32.166	-64.5
1085	32.166	-64.5
1086	32.166	-64.5
1087	32.166	-64.5
1088	32.166	-64.5
1089	32.166	-64.5
1090	32.166	-64.5
1091	32.166	-64.5
1092	32.166	-64.5
1093	32.166	-64.5
1094	32.166	-64.5
1095	32.166	-64.5
1096	32.166	-64.5
1097	32.166	-64.5
1098	32.166	-64.5
1099	32.166	-64.5
1100	32.166	-64.5
1101	32.166	-64.5
1102	32.166	-64.5
1103	32.166	-64.5
1104	32.166	-64.5
1105	32.166	-64.5
1106	32.166	-64.5
1107	32.166	-64.5
1108	32.166	-64.5
1109	32.166	-64.5
1110	32.166	-64.5
1111	32.166	-64.5
1112	32.166	-64.5
1113	32.166	-64.5
1114	32.166	-64.5
1115	32.166	-64.5
1116	32.166	-64.5
1117	32.166	-64.5
1118	32.373	-64.612
1119	32.366	-64.625
1120	32.356	-64.644
1121	32.341	-64.676
1122	32.166	-64.5
1123	32.166	-64.5
1124	32.166	-64.5
1125	32.166	-64.5
1126	32.166	-64.5
1127	32.166	-64.5
1128	32.166	-64.5
1129	32.166	-64.5
1130	32.166	-64.5
1131	32.166	-64.5
1132	32.166	-64.5
1133	32.166	-64.5
1134	32.166	-64.5
1135	32.166	-64.5
1136	32.166	-64.5
1137	32.166	-64.5
1138	32.166	-64.5
1139	26.985834	-102.06639
1140	26.985834	-102.06639
1141	36.746944	-122.02194
1142	36.746944	-122.02194
1143	36.746944	-122.02194
1144	36.746944	-122.02194
1145	36.746944	-122.02194
1146	36.746944	-122.02194
1147	38.630554	-90.194725
1148	38.630554	-90.194725
1149	38.630554	-90.194725
1150	38.630554	-90.194725
1151	38.630554	-90.194725
1154	60.269444	5.2222223
1155	60.269444	5.2222223
1156	60.269444	5.2222223
1157	60.269444	5.2222223
1158	60.269444	5.2222223
1159	60.269444	5.2222223
1160	60.269444	5.2222223
1161	60.269444	5.2222223
1162	-18.171666666666667	149.59666666666666
1163	-18.171666666666667	149.59666666666666
1164	-16.4	152.37
1165	-16.4	152.37
1166	-20.000166666666665	156.60933333333332
1167	-20.000166666666665	156.60933333333332
1168	-22.50015	157.43013333333334
1169	-22.50015	157.43013333333334
1170	-27.500616666666666	159.11911666666666
1171	-27.500616666666666	159.11911666666666
1172	-27.689333333333334	162.03095
1173	-27.689333333333334	162.03095
1174	-25.5959	163.82921666666667
1175	-25.5959	163.82921666666667
1176	-22.050933333333333	174.3509
1177	-22.050933333333333	174.3509
1178	-21.5507	178.30001666666666
1179	-21.5507	178.30001666666666
1180	-21.049583333333334	-177.76688333333334
1181	-21.049583333333334	-177.76688333333334
1182	-20.469783333333332	-173.24931666666666
1183	-20.469783333333332	-173.24931666666666
1184	-20.00035	-170.00018333333333
1185	-20.00035	-170.00018333333333
1186	-14.999433333333334	-169.99985
1187	-14.999433333333334	-169.99985
1188	-14.99995	175.00003333333333
1189	-14.99995	175.00003333333333
1190	-10.976111	-77.95778
1191	-10.976111	-77.95778
1192	-10.976111	-77.95778
1193	-10.976111	-77.95778
1194	-10.976111	-77.95778
1201	1.2883333	103.846664
1202	1.3208333	103.91278
1203	44.65167	-124.41167
1204	44.65167	-124.41167
1205	44.65167	-124.41167
1206	44.65167	-124.41167
1216	32.6	-117.10722
1217	32.6	-117.10722
1218	32.6	-117.10722
1219	32.6	-117.10722
1220	32.6	-117.10722
1221	32.6	-117.10722
1222	32.6	-117.10722
1223	32.6	-117.10722
1224	32.6	-117.10722
1225	32.6	-117.10722
1226	32.6	-117.10722
1227	32.6	-117.10722
1228	32.6	-117.10722
1229	32.6	-117.10722
1230	32.6	-117.10722
1231	32.6	-117.10722
1232	32.6	-117.10722
1233	32.6	-117.10722
1234	32.6	-117.10722
1235	32.6	-117.10722
1239	31.417778	-81.29528
1240	31.417778	-81.29528
1241	31.383333	-81.26972
1242	31.383333	-81.26972
1243	31.383333	-81.26972
1244	31.383333	-81.26972
1245	31.383333	-81.26972
1246	31.383333	-81.26972
1247	31.383333	-81.26972
1248	31.383333	-81.26972
1249	31.669167	-64.13167
1250	31.669167	-64.13167
1254	27.761389	-82.63306
1255	10.11	-83.51
1276	44.554974	-110.83514
1277	44.53417	-110.79794
1278	26.983334	-102.06639
1279	26.983334	-102.06639
1280	24.709723	-76.8225
1281	47.676388	-122.22833
1282	47.676388	-122.22833
1283	47.676388	-122.22833
1284	47.676388	-122.22833
1285	47.676388	-122.22833
1286	43.038887	-87.90639
1287	43.038887	-87.90639
1288	43.038887	-87.90639
1289	43.038887	-87.90639
1290	43.038887	-87.90639
1291	43.038887	-87.90639
1292	43.038887	-87.90639
1293	43.038887	-87.90639
1294	43.038887	-87.90639
1300	50.251667	-4.208889
1301	50.251667	-4.208889
1302	50.261112	-4.2436113
1303	50.251667	-4.208889
1304	50.253056	-4.1875
1305	50.251667	-4.208889
1306	50.253334	-4.201667
1307	50.254444	-4.198889
1308	50.266388	-4.148611
1309	50.266388	-4.148611
1310	50.251667	-4.208889
1311	50.261112	-4.2436113
1312	50.253334	-4.201667
1313	50.254444	-4.198889
1314	50.266388	-4.148611
1315	50.266388	-4.148611
1316	50.251667	-4.208889
1317	50.253056	-4.1875
1318	50.251667	-4.208889
1319	50.251667	-4.208889
1320	50.251667	-4.208889
1321	50.251667	-4.208889
1322	50.253056	-4.1875
1323	50.266388	-4.148611
1324	50.254444	-4.198889
1325	50.266388	-4.148611
1326	50.253334	-4.201667
1327	50.251667	-4.208889
1328	50.251667	-4.208889
1329	50.261112	-4.2436113
1330	-65.1	-64.47
1331	33.3	-119.22
1332	33.3	-119.22
1335	44.533333	-110.35
1336	44.533333	-110.3
1346	44.933333	-110.533333
1347	44.933333	-110.533333
1350	44.366667	-110.266667
1352	44.4	-110.55
1355	44.4	-110.516667
1356	44.4	-110.516667
1360	44.533333	-110.35
1361	44.533333	-110.35
1366	44.4	-110.516667
1367	44.4	-110.516667
1368	44.533333	-110.35
1381	32.578816	-110.85040983333333
1382	14.56	69.98
1383	1.49	-84.58
1384	40.033333	88.233333
1385	40.11	-88.2
1386	40.11	-88.2
1387	40.11	-88.2
1388	40.11	-88.2
1389	40.11	-88.2
1390	27.506	-111.34696666666666
1391	27.506	-111.34696666666666
1392	27.506	-111.34696666666666
1393	26.38	-110.72841666666666
1394	27.018166666666666	-111.41766666666666
1395	26.38	-110.72841666666666
1396	27.045833333333334	-111.3815
1397	27.016666666666666	-111.4155
1398	44.25	-124.23333
1399	44.25	-124.23333
1400	44.25	-124.23333
1401	44.25	-124.23333
1402	44.25	-124.23333
1403	44.25	-124.23333
1404	44.25	-124.23333
1405	44.25	-124.23333
1406	44.25	-124.23333
1407	44.25	-124.23333
1408	44.25	-124.23333
1409	44.25	-124.23333
1410	44.25	-124.23333
1411	44.25	-124.23333
1412	44.25	-124.23333
1413	44.25	-124.23333
1414	44.25	-124.23333
1415	44.25	-124.23333
1416	44.25	-124.23333
1417	44.25	-124.23333
1418	44.25	-124.23333
1419	44.25	-124.23333
1420	44.25	-124.23333
1421	44.25	-124.23333
1422	44.25	-124.23333
1423	44.25	-124.23333
1424	44.25	-124.23333
1425	44.25	-124.23333
1426	44.25	-124.23333
1427	44.25	-124.23333
1428	44.25	-124.23333
1429	44.25	-124.23333
1430	-36.513	-73.129
1431	-36.513	-73.129
1432	-36.513	-73.129
1433	-36.513	-73.129
1434	-36.513	-73.129
1435	-36.513	-73.129
1436	-36.513	-73.129
1437	-36.513	-73.129
1438	-36.513	-73.129
1439	-36.513	-73.129
1440	-36.513	-73.129
1441	-36.513	-73.129
1442	-36.513	-73.129
1443	-36.513	-73.129
1444	-36.513	-73.129
1445	-36.513	-73.129
1446	-36.513	-73.129
1447	-36.513	-73.129
1448	-36.513	-73.129
1449	-36.513	-73.129
1450	-36.513	-73.129
1451	-36.513	-73.129
1452	-36.513	-73.129
1453	-36.513	-73.129
1454	-36.513	-73.129
1455	-36.513	-73.129
1456	-36.513	-73.129
1457	-36.513	-73.129
1458	-36.513	-73.129
1459	-36.513	-73.129
1460	-36.513	-73.129
1461	-36.513	-73.129
1462	32.169444	-64.505556
1463	32.169444	-64.505556
1464	23.185333333333332	-158.93933333333334
1465	23.185333333333332	-158.93933333333334
1466	23.185333333333332	-158.93933333333334
1467	23.185333333333332	-158.93933333333334
1468	23.185333333333332	-158.93933333333334
1469	23.185333333333332	-158.93933333333334
1470	23.185333333333332	-158.93933333333334
1471	33.333056	-129.436389
1472	33.333056	-129.436389
1473	33.333056	-129.436389
1474	36.744444	-122.0225
1475	36.744444	-122.0225
1476	36.744444	-122.0225
1477	36.1325	-123.494444
1478	36.1325	-123.494444
1479	36.1325	-123.494444
1480	33.333056	-129.436389
1481	33.333056	-129.436389
1482	33.333056	-129.436389
1483	23.2147222222222	-159.136111111111
1484	23.2147222222222	-159.136111111111
1485	23.2147222222222	-159.136111111111
1486	23.2147222222222	-159.136111111111
1487	23.2147222222222	-159.136111111111
1488	23.2147222222222	-159.136111111111
1489	23.2147222222222	-159.136111111111
1490	23.2147222222222	-159.136111111111
1491	23.2147222222222	-159.136111111111
1492	23.2147222222222	-159.136111111111
1493	23.2147222222222	-159.136111111111
1494	23.2147222222222	-159.136111111111
1495	23.2147222222222	-159.136111111111
1496	36.75	-122.03
1497	41.383333	-70.5
1498	17.93488	-67.04885
1499	22.7546666666667	-158.004666666667
1500	22.75	-157.996666666667
1501	22.7498333333333	-157.999166666667
1502	22.75	-158
1503	22.8395	-157.989833333333
1504	22.7501666666667	-157.9965
1505	22.7996666666667	-158.0005
1506	22.7508333333333	-157.996833333333
1507	42.5508	0.8903
1508	42.5508	0.8903
1509	42.5508	0.8903
1510	42.5508	0.8903
1526	52	8
1527	54.184167	7.9
1528	54.184167	7.9
1529	54.184167	7.9
1530	54.184167	7.9
1531	54.184167	7.9
1532	54.184167	7.9
1533	54.184167	7.9
1534	54.184167	7.9
1535	54.184167	7.9
1536	54.184167	7.9
1537	54.184167	7.9
1538	54.184167	7.9
1539	54.184167	7.9
1540	54.184167	7.9
1541	54.184167	7.9
1542	54.184167	7.9
1543	54.184167	7.9
1544	54.184167	7.9
1545	54.184167	7.9
1546	54.184167	7.9
1547	54.184167	7.9
1548	54.184167	7.9
1549	54.184167	7.9
1550	54.184167	7.9
1551	54.184167	7.9
1552	54.184167	7.9
1553	54.184167	7.9
1554	54.184167	7.9
1555	54.184167	7.9
1556	54.184167	7.9
1557	54.184167	7.9
1558	32.578778	-110.850594
1559	32.578778	-110.850594
1560	32.578778	-110.850594
1561	32.578778	-110.850594
1562	32.578778	-110.850594
1563	32.578778	-110.850594
1564	32.578778	-110.850594
1565	32.578778	-110.850594
1566	32.578778	-110.850594
1567	32.578778	-110.850594
1568	32.86667	-117.25111
1569	-16.9207	145.9965833
1570	-17.92522	146.14295
1571	48.96917	-130.67033
1572	48.96917	-130.67033
1573	48.96917	-130.67033
1574	48.96917	-130.67033
1575	50.00167	-144.99899
1576	50.00167	-144.99899
1577	50.00167	-144.99899
1578	50.00167	-144.99899
1579	50.00167	-144.99899
1580	50.00167	-144.99899
1581	50.00167	-144.99899
1582	50.00167	-144.99899
1583	50.00167	-144.99899
1584	50.00167	-144.99899
1585	50.00167	-144.99899
1586	48.6495	-126.66434
1587	48.6495	-126.66434
1588	48.6495	-126.66434
1589	48.6495	-126.66434
1590	33.28683	-129.42833
1591	33.28683	-129.42833
1592	33.28683	-129.42833
1593	33.28683	-129.42833
1594	36.12633	-123.4905
1595	36.12633	-123.4905
1596	36.79683	-121.84667
1597	32.86667	-117.25111
1598	32.86667	-117.25111
1599	32.86667	-117.25111
1600	32.86667	-117.25111
1601	32.86667	-117.25111
1602	31.4178	-81.29535
1603	31.4178	-81.29535
1604	31.4178	-81.29535
1605	31.4178	-81.29535
1606	58.25	11.45
1607	42.461111	-76.504167
1608	42.461111	-76.504167
1609	43.039167	-75.966111
1610	43.039167	-75.966111
1611	-36.513	-73.129
1612	-36.513	-73.129
1613	-36.513	-73.129
1614	-36.513	-73.129
1615	-36.513	-73.129
1616	-36.513	-73.129
1617	-36.513	-73.129
1618	-36.513	-73.129
1619	-36.513	-73.129
1620	-36.513	-73.129
1621	-36.513	-73.129
1622	-36.513	-73.129
1623	-36.513	-73.129
1624	-36.513	-73.129
1625	-36.513	-73.129
1626	-36.513	-73.129
1627	-36.513	-73.129
1628	-36.513	-73.129
1629	-36.513	-73.129
1630	-36.513	-73.129
1631	-36.513	-73.129
1632	-36.513	-73.129
1633	-36.513	-73.129
1634	-36.513	-73.129
1635	-36.513	-73.129
1636	-36.513	-73.129
1637	-36.513	-73.129
1638	-36.513	-73.129
1639	-36.513	-73.129
1640	-36.513	-73.129
1641	-36.513	-73.129
1642	-36.513	-73.129
1643	30.783333	34.766667
1644	30.783333	34.766667
1645	30.783333	34.766667
1646	30.783333	34.766667
1647	30.783333	34.766667
1648	30.783333	34.766667
1649	30.783333	34.766667
1650	30.783333	34.766667
1651	31.6667	-64.1667
1652	31.6667	-64.1667
1653	31.6667	-64.1667
1654	31.6667	-64.1667
1655	31.6667	-64.1667
1656	31.6667	-64.1667
1657	31.6667	-64.1667
1658	27.54722	-82.781944
1659	27.54722	-82.781944
1660	26.42889	-82.516111
1661	25.002147	-80.380189
1662	76.3208	-75.8172
1663	56	11
1664	-35.98917	-49.01944
1666	48.75	-3.95
1667	41.745	-70.618
1668	38.702	-72.3667
1669	38.702	-72.3667
1670	33.98	-96.67
1671	33.98	-96.67
1672	33.98	-96.67
1673	37.86	144.93
1674	58.5	0.32
1675	20.5	156.8
1676	48.45	3.57
1677	48.43	3.59
1678	44.65	-124.53
1679	29.3833	-94.8833
1680	32.86692	-117.25169
1681	26.45291	127.80296
1686	27.0171	82.4763
1687	27.0171	82.4763
1688	27.0171	82.4763
1689	27.0171	82.4763
1690	40.5	14.25
1691	41.57595	-70.64038
1692	41.57595	-70.64038
1693	36.64	121.93
1694	36.64	121.93
1710	40.49657	-74.17591
1711	40.49657	-74.17591
1712	40.49657	-74.17591
1720	48.634	-122.868
1724	24.6019	64.9177
1725	13.4	144.7
1726	13.4	144.7
1728	46.5105	-63.4856
1729	46.5105	-63.4856
1731	48.608	-122.769
1733	36.60369	-121.88927
1734	36.60369	-121.88927
1737	36.60369	-121.88927
1738	36.60369	-121.88927
1739	21.25	158
1741	-47.86667	-15.8
1742	-47.86667	-15.8
1744	42.26722	136.71861
1747	-49.6	2.1
1748	-49.6	2.1
1749	29.60806	-28.98667
1750	-51.83333	-28.66667
1751	-51.83333	-28.66667
1755	-47.33333	-15.65
1756	-47.33333	-15.65
1757	-26.64444	-35.24361
1758	-64.0038	-0.0025
1759	-64.0038	-0.0025
1760	50.45876	-3.54072
1761	50.033	4.366
1763	43.3	10.2
1764	43.1	70.782
1765	32.86667	117.25
1766	32.86667	117.25
1767	40.95118	112.08824
1769	38.54	8.46
1770	43.47	10.16
1772	23.809	-89.757
1776	43.47558	10.33003
1777	40.3	17.57
1778	43.3	10.2
1779	41.56	70.583
1780	38.59	75.1
1781	27.3122	82.601
1782	27.3122	82.601
1783	38.59	75.1
1784	38.59	75.1
1792	41.56	70.583
1793	58.11	9.06
1796	55.5837	12.412
1797	40.8083	14.25
1799	59.51	23.15
1804	27.3122	82.601
1805	43.1	70.782
1806	59.51	23.13
1807	59.51	23.13
1808	59.51	23.13
1809	40.8083	14.25
1813	40.8083	14.25
1814	42.23	-8.8
1815	40.8083	14.25
1816	18.6	59.85
1817	18.6	59.85
1818	50.6	4.25
1819	41.56	70.583
1820	50.6	4.25
1821	21.514	-157.8362
1822	48.83375	125.13023
1823	50.6	4.25
1824	50.6	4.25
1825	68.46306	78.22333
1826	68.46306	78.22333
1827	68.46306	78.22333
1828	34.22573	-77.94471
1829	41.65583	-71.44778
1830	37.26517	-76.38354
1831	41.65583	-71.44778
1832	41.65583	-71.44778
1833	49.65	-127.4338
1834	49.65	-127.4338
1835	34.46809	-120.27233
1836	52.5758	-128.5003
1837	52.5758	-128.5003
1838	52.5758	-128.5003
1840	41.30051	-71.71543
1841	41	72
1846	41	-72
1847	48.5	-122.6
1848	41.30051	-71.71543
1849	37.96053	-75.3281
1850	37.93318	-75.37881
1851	37.26598	-76.38467
1852	41.54	-70.61
1853	13.4427	144.6428
1855	9.53333	138.11667
1856	77.0014	-77.2383
1857	77.0014	-77.2383
1858	49.654	-127.436
1859	49.654	-127.436
1860	27.8	97.13
1861	27.8	97.13
1862	27.8	97.13
1863	27.8	97.13
1864	57.0525	2.50056
1865	57.0525	2.50056
1866	57.0525	2.50056
1867	43.5	14.5
1868	43.5	14.5
1879	43.8442	-69.641
1880	41.6	-71.4
1881	34.27944	114.22222
1882	47.6901	-122.40041
1883	41.57083	-71.40517
1884	40.75	14.33
1885	-23.5	152
1886	-23.5	152
1887	-23.5	152
1888	47.6901	-122.40041
1893	31.4322	-80.358
1894	47.6901	-122.40041
1896	36.135	-92.64
1899	43	68
1901	49.6	-140.6166
1902	43	-68
1907	-77.625	-179.23
1911	41.57083	-71.40517
1915	54.085	-4.77
1918	9.53333	138.11667
1919	77.0014	-77.2383
1920	76.3208	-75.8172
1921	76.3208	-75.8172
1922	42.5	-69
1925	9.53333	138.11667
1926	76.3208	-75.8172
1927	78.5922	-74.4922
1928	42.5	-69
1931	8	53
1932	78.5922	-74.4922
1933	78.5922	-74.4922
1934	42.5	-69
1935	40.93	-72.5
1936	8	53
1937	78.5922	-74.4922
1938	76.285	-73.0575
1939	42.5	-69
1940	41.325	-70.57
1941	40.93	-72.5
1942	8	53
1943	76.285	-73.0575
1944	76.285	-73.0575
1945	76.285	-73.0575
1946	41.325	-70.57
1947	32.2167	80.7355
1948	40.93	-72.5
1949	8	53
1950	33.1833	-65.25
1951	50.1669	-4.2504
1952	50.1669	-4.2504
1953	32.2167	80.7355
1954	32.2167	80.7355
1955	40.93	-72.5
1956	33.1833	-65.25
1957	33.1833	-65.25
1958	50.1669	-4.2504
1959	50.1669	-4.2504
1960	43.51667	-65.6
1961	9.53333	138.11667
1962	33.1833	-65.25
1963	77.0014	-77.2383
1964	47.74	-122.417
1965	47.74	-122.417
1970	33.98	-96.67
1973	30.8333	-136.8333
1974	30.8333	-136.8333
1975	27.4708	-97.32
1976	27.4708	-97.32
1977	-48	-16
1978	-48	-16
1979	-48	-16
1980	27.4708	-97.32
1981	27.4708	-97.32
1982	41	-73
1983	41	-73
1984	41	-73
1985	41	-73
1986	-48	-16
1989	37	-65
1990	37	-65
1991	37	-65
1992	37	-65
2000	-48.1	-24.25
2001	-48.1	-24.25
2002	-48.1	-24.25
2003	-48.1	-24.25
2004	40.6508	-73.1524
2005	38.9944	76.2141
2009	40.6508	-73.1524
2010	40.6508	-73.1524
2011	3.145	42.488
2012	3.6	43.4
2013	3.6	43.4
2014	3.145	42.488
2018	3.145	42.488
2019	3.6	43.4
2020	3.145	42.488
2021	23	-75
2022	40.6508	-73.1524
2023	41.57361	-71.40861
2026	44.7	-124.2
2027	54.085	-4.77
2028	3.6	43.4
2030	35	173
2032	38.71306	76.32083
2034	41	-72
2036	43.03333	147.36667
2037	5.5	105
2038	18.47	64.575
2039	23.5643	58.853
2044	-17	146
2045	29.4666	86.121
2047	34.0847	-119.05
2052	34.0847	-119.05
2053	34.0847	-119.05
2057	76.2833	-74.75
2058	34.0847	-119.05
2062	41.57361	-71.40861
2063	32.655	117.14
2064	40.9	14.15
2065	48.225	-122.64
2066	35	-70
2069	41.57361	-71.40861
2071	32.655	117.14
2072	32.655	117.14
2073	32.655	117.14
2074	37.78	-122.35
2075	41.6	-71.4
2076	41.6	-71.4
2077	30.8333	-136.8333
2078	49.9166	-145.1166
2080	41.4331	-71.455
2081	41.325	-70.5667
2082	32.9	117.255
2083	32.9	117.255
2084	41.6	-71.4
2085	41.57595	-70.64038
2086	49.9166	-145.1166
2087	49.9166	-145.1166
2088	34.3	132.4
2089	32.9	117.255
2090	32.9	117.255
2092	33.98	-96.67
2093	30.8333	-136.8333
2094	30.8333	-136.8333
2095	54.085	4.77
2096	41.566	-70.5842
2097	41.566	-70.5842
2098	7.48	146.46
2100	13.5	144.75
2101	37.4	15.61666667
2102	-16	-150
2103	35.66666667	14.1
2104	40.7	-73.1
2105	34	135.1
2106	49.31666667	-3.316666667
2107	71.18333333	-159.4166667
2108	59.31666667	4.316666667
2109	40.7	-73.1
2113	13.5	144.75
2114	61	1.983333333
2115	70.5	-135.5
2116	40.7	-73.1
2119	77.0014	-77.2383
2120	32	-65.1667
2121	70.55	-140.8
2122	-29.23333333	-101.4833333
2123	-8.333333333	-141.25
2125	77.0014	-77.2383
2126	77.0014	-77.2383
2127	77.0014	-77.2383
2128	-77.8333	163
2129	-77.8333	163
2130	-34.53333333	-72.41666667
2136	-64.7667	-64
2137	41.39	2.48
2138	-34.46666667	17.3
2139	38.11	141.07
2144	-9.066666667	-136.9833333
2145	34.35	130.0833333
2146	70.68333333	-138.3666667
2150	-8.333333333	-141.25
2151	35.21666667	139.6166667
2152	49	-4
2154	-34.53333333	-72.41666667
2155	35.21666667	139.6166667
2156	120.06	-34.175
2157	40.7	-73.1
2158	7.48	146.46
2159	36.75	-98.2
2160	49.25	-123.1
2161	8.5	-78.22
2162	38.3048	-69.6192
2163	-39	176
2167	48.816	-128.666
2168	48.816	-128.666
2169	20.7722	-63.0368
2170	49.35	4.9
2171	52.2333	0.08333
2179	41.525	-70.6736
2180	50.36	-4.15
2181	41.325	-70.5667
2182	48.629353	-122.957542
2183	48.629353	-122.957542
2184	48.629353	-122.957542
2185	48.629353	-122.957542
2186	41.573611	-71.408611
2187	-41.27	174.795
2190	41.92732	-67.85788
2191	41.92732	-67.85788
2192	41.92732	-67.85788
2196	42.41915	-70.91349
2197	-36.5062	-73.1225
2198	25	-90
2208	49.25	-123.1
2209	8.5	-78.22
2210	38.3048	-69.6192
2211	-39	176
2212	76.2833	-74.75
2215	-36.1	144.6
2216	51.7333	3.7667
2219	24.7335	-80.769167
2231	37	-65
2232	37	-65
2237	37	-65
2238	37	-65
2239	37	-65
2240	37	-65
2244	37	-65
2245	37	-65
2246	37	-65
2247	37	-65
2248	37	-65
2249	37	-65
2250	37	-65
2251	37	-65
2252	37	-65
2253	37	-65
2254	37	-65
2255	37	-65
2257	48.816	128.666
2262	41.325	-70.57
2263	40.49657	-74.17591
2264	-17.5	11.25
2265	-61.2833	-54.7361
2266	40.75	14.25
2267	-77.8333	163
2269	43.8441	-69.6413
2270	78.5978	74.4992
2271	76.25	82.55
2272	-38.45	145.3333
2273	77.8333	-75.55
2274	-77.8333	-163
2275	78.285	-73.0525
2276	-35.05	23.73333
2277	21.102	-157.06
2278	-5.4684	75.6186
2279	-49.9	11.55
2280	77.8136	-76.3697
2281	-13.3836	48.3388
2282	-23.5	152
2283	11.335	-74.0521
2285	48.75	-3.95
2286	-14.483333	113.45
2287	43.683333	7.316667
2288	40.9	14.15
2289	20.7722	-63.0368
2290	-78.8333	163
2291	44.651	-124.295
2292	45.483	-124.918
2293	46.167	-124.158
2294	46.25	-123.986
2295	44.651	-124.295
2296	45.483	-124.918
2297	46.167	-124.158
2298	46.25	-123.986
2299	44.651	-124.295
2300	45.483	-124.918
2301	46.167	-124.158
2302	46.25	-123.986
2303	24.033333	74.516667
2304	36.0452	-123.0217
2305	36.0165	-122.9773
2306	35.976	-122.9487
2307	35.938	-122.9299
2308	35.9213	-122.9016
2309	35.9016	-122.8482
2310	35.8633	-122.8171
2311	35.8512	-122.796
2312	35.8241	-122.7603
2313	35.7981	-122.7526
2314	35.7862	-122.7406
2315	35.7902	-122.709
2316	35.7667	-122.6591
2317	36.74	-120.98027777777777
2318	36.125833	-122.510278
2319	33.286667	-128.5775
2320	33.286667	-128.5775
2321	-64.131667	31.668333
2322	-64.131667	31.668333
2323	-64.131667	31.668333
2324	-64.131667	31.668333
2325	37.735	122.02
2326	28.7229833	-88.4815667
2327	28.7229833	-88.4815667
2328	28.718733333333333	-88.45753333333333
2329	28.718733333333333	-88.45753333333333
2330	28.73	-88.4071667
2331	28.73	-88.4071667
2332	28.73	-88.4071667
2333	28.7287333	-88.3857167
2334	28.7287333	-88.3857167
2335	28.6509	-88.6185167
2336	28.6509	-88.6185167
2337	28.6509	-88.6185167
2338	28.6951833	-88.4345167
2339	28.6951833	-88.4345167
2340	28.6951833	-88.4345167
2341	28.7383	-88.3848333
2342	28.7383	-88.3848333
2343	28.718733333333333	-88.45753333333333
2344	28.718733333333333	-88.45753333333333
2345	28.6951833	-88.4345167
2350	31.4178	-81.29535
2351	31.4178	-81.29535
2352	31.4178	-81.29535
2353	31.4178	-81.29535
2354	31.4178	-81.29535
2355	31.4178	-81.29535
2356	31.4178	-81.29535
2357	31.4178	-81.29535
2358	31.4178	-81.29535
2359	31.4178	-81.29535
2360	31.4178	-81.29535
2361	31.4178	-81.29535
2362	31.4178	-81.29535
2363	31.4178	-81.29535
2364	31.4178	-81.29535
2365	31.4178	-81.29535
2366	54.9295	13.482215
2367	54.9295	13.482215
2368	54.9295	13.482215
2369	54.570232	11.332183
2370	54.570232	11.332183
2371	54.570232	11.332183
2372	54.570232	11.332183
2373	54.570232	11.332183
2374	54.570232	11.332183
2375	56.663418	12.118317
2376	56.663418	12.118317
2377	56.663418	12.118317
2378	56.663418	12.118317
2379	56.663418	12.118317
2380	56.663418	12.118317
2381	58.317665	11.540368
2382	58.317665	11.540368
2383	58.317665	11.540368
2384	58.317665	11.540368
2385	58.317665	11.540368
2386	58.317665	11.540368
2387	58.317665	11.540368
2388	62.654167	18.947498
2389	62.654167	18.947498
2390	62.654167	18.947498
2391	62.654167	18.947498
2392	62.654167	18.947498
2393	62.654167	18.947498
2394	65.16733	23.232334
2395	65.16733	23.232334
2396	65.16733	23.232334
2397	65.16733	23.232334
2398	65.16733	23.232334
2399	65.16733	23.232334
2400	68.355835	18.821667
2401	68.355835	18.821667
2402	68.355835	18.821667
2403	63.49542	19.8135
2404	63.49542	19.8135
2405	63.49542	19.8135
2406	63.49542	19.8135
2407	63.49542	19.8135
2408	63.49542	19.8135
2409	58.581234	18.232801
2410	58.581234	18.232801
2411	58.581234	18.232801
2412	58.581234	18.232801
2413	58.581234	18.232801
2414	58.581234	18.232801
2415	56.1664	16.378218
2416	56.1664	16.378218
2417	56.1664	16.378218
2418	54.9295	13.482215
2419	54.9295	13.482215
2420	54.9295	13.482215
2421	58.317665	11.540368
2422	58.317665	11.540368
2423	57.797817	10.871433
2424	57.797817	10.871433
2425	57.797817	10.871433
2426	57.797817	10.871433
2427	57.797817	10.871433
2428	57.797817	10.871433
2429	38.898556	-77.037852
2430	38.06851	-0.23199
2431	-0.6	38.2
2432	-0.6	38.2
2433	39.330917	-0.343
2434	39.330917	-0.343
2435	39.330917	-0.343
2436	37.72955	-0.7741
2437	37.72955	-0.7741
2438	37.72955	-0.7741
2439	42.475	3.251389
2440	42.475	3.251389
2441	42.475	3.251389
2442	42.475	3.251389
2443	42.475	3.251389
2444	42.475	3.251389
2445	42.475	3.251389
2446	42.475	3.251389
2447	42.475	3.251389
2448	42.475	3.251389
2449	42.475	3.251389
2450	42.475	3.251389
2451	42.475	3.251389
2453	49.288	-119.582
2454	49.288	-119.582
2455	49.288	-119.582
2456	42.133	2.77
2457	42.133	2.77
2458	42.133	2.77
2459	42.133	2.77
2460	42.133	2.77
2461	42.133	2.77
2462	42.117	2.75
2463	42.117	2.75
2464	42.117	2.75
2465	42.117	2.75
2466	42.117	2.75
2467	42.117	2.75
2468	-8.333333333	-141.25
2469	-35.98833	-49.0175
2470	43.51667	-65.6
2471	41.325	-70.5667
2472	33.98	-96.67
2473	31.3172	113.56
2474	31.3172	113.56
2481	41.56	70.583
2485	38.9944	76.2141
2487	38.71306	76.32083
2488	151.15	-34.02
2489	-0.7475	-126.03
2490	43.6002	-23.1667
2491	23.5643	58.853
2493	-31.35	-78.1
2494	30	-60
2495	-31.81	144.9
2496	55.48	11.1
2497	40.6666	-73.25
2498	30	-60
2499	14.449	64.9997
2502	-33.8667	-73.3333
2504	22.75	-158
2505	55.743	4.92334
2506	48.716667	-3.983333
2507	-31.866667	-91.416667
2508	37.78	-122.35
2510	31.3172	113.56
2512	31.3172	113.56
2513	59	10.45
2514	21.25	158
2515	43.1	70.782
2516	21.25	158
2518	21.25	158
2520	-37.86	144.93
2521	42.572	8.73
2522	33.1833	-65.25
2523	17.06861	-56.89028
2524	52.98	4.74
2525	41.65	71.26
2526	39	77
2527	27.94	-114.06
2528	44.16	-68.66
2529	44.16	-68.66
2530	44.16	-68.66
2531	44.16	-68.66
2532	41.666668	2.8
2533	41.666668	2.8
2534	-64.7742	-64.0545
2535	-64.7742	-64.0545
2536	-64.7742	-64.0545
2537	-64.7742	-64.0545
