15459382
15466574
16304596
16336043
16368896
16467157
16741115
16820057
16980956
16998472
17068264
17090214
17183312
17284217
17472632
17504484
17878949
17916580
17921274
18033299
18213365
18273011
18301735
18311127
18337718
18382653
18441115
18467493
18523433
18650394
18698407
18711340
18725995
18764874
18810270
18987310
19037243
19043404
19114525
19196269
19207571
19210704
19397678
19444203
19555373
19571895
19633714
19801459
19805210
19840106
19892985
20192971
20393571
20807744
20844569
20962874
21124488
21124740
21289652
21407241
21437280
21651822
21738524
21886845
21914098
21915244
21981709
22128350
22323811
22324779
22329601
22388749
22534608
22625871
22713159
22773646
22778901
22845467
22912629
22967509
23064332
23111870
23176588
23192699
23468974
23861150
23902988
23991166
24589037
24597458
24612402
25002514
25129545
25171333
